2455417.32260551    10.698
2455417.32758272    10.66
2455417.33255993    10.631
2455417.33751399    10.622
2455417.34247962    10.574
2455417.34744525    10.613
2455417.35239931    10.626
2455417.35736494    10.649
2455417.36234215    10.673
2455417.36730778    10.721
2455417.37228499    10.778
2455417.37809559    10.87
2455417.3830728     11.017
2455419.14465656    11.157
2455419.14958746    11.269
2455419.15446049    11.333
2455419.15932195    11.23
2455419.16419498    11.093
2455419.16905643    10.978
2455419.17392946    10.896
2455419.17879092    10.813
2455419.18366395    10.667
2455419.18852541    10.637
2455419.19339844    10.631
2455419.20313292    10.629
2455419.20799438    10.615
2455419.21285583    10.573
2455419.227718      10.664
2455419.23257945    10.716
2455419.23745248    10.728
2455419.24405017    10.826
2455419.2489232     10.886
2455419.25378466    11.056
2455419.25865769    11.197
2455419.28163385    11.184
2455419.28648373    11.09
2455419.29133361    10.778
2455419.35026139    10.698
2455419.35511127    10.712
2455419.35997273    10.776
2455419.36482261    10.82
2455419.36967249    10.924
2455419.37452237    11.029
2455419.37937225    11.149
2455419.38423371    11.302
2455421.17866557    10.666
2455421.18348072    10.626
2455421.1882843     10.628
2455421.19309945    10.746
2455421.1979146     10.571
2455421.20271818    10.799
2455421.20753333    10.766
2455421.21234848    10.621
2455421.21715206    10.714
2455421.22195564    10.754
2455421.22677079    10.773
2455421.23158594    10.95
2455421.23638952    10.883
2455421.24120467    10.985
2455421.24600825    11.074
2455421.2508234     11.22
2455421.25563855    11.34
2455421.26044213    11.366
2455421.26525728    11.249
2455421.27006086    10.976
2455421.27487601    10.944
2455421.27969116    10.781
2455421.28450631    10.638
2455421.29200684    10.599
2455421.29693774    10.676
2455421.30184549    10.66
2455421.30678796    10.441
2455421.31164941    10.582
2455421.31655716    10.55